%YAML:1.0

# Camera calibration and distortion parameters (OpenCV)
#Camera.width: 800
#Camera.height: 600
#
#Camera.fx: 407.5489339719625
#Camera.fy: 410.9210229027896
#Camera.cx: 384.2126542768888
#Camera.cy: 297.2707904584936
#
#Camera.k1: 0.0
#Camera.k2: 0.0
#Camera.p1: 0.0
#Camera.p2: 0.0

Camera.width: 1241
Camera.height: 376

Camera.fx: 707.0912
Camera.fy: 707.0912
Camera.cx: 601.8873
Camera.cy: 183.1104

Camera.d0: 0.0
Camera.d1: 0.0
Camera.d2: 0.0
Camera.d3: 0.0
Camera.d4: 0.0

Camera.k1: 0.0
Camera.k2: 0.0
Camera.p1: 0.0
Camera.p2: 0.0

#Camera.fx: 406.038517439466
#Camera.fy: 409.270590103312
#Camera.cx: 384.290725514147
#Camera.cy: 297.023372851439

#Camera.k1: 0.0
#Camera.k2: 0.0
#Camera.p1: 0.0
#Camera.p2: 0.0

#Camera.d0: -0.0452384425449409
#Camera.d1: 0.0998652362188228
#Camera.d2: 0.000546416813872115
#Camera.d3: 0.000266556874301166
#Camera.d4: -0.0505331262123521


# Color order of the images (0: BGR, 1: RGB. It is ignored if images are grayscale)
Camera.RGB: 0

# CamLidar Extrinsic Parameter
extrinsicMatrix: !!opencv-matrix
   rows: 3
   cols: 4
   dt: d
#   data: [-0.999491409874056,  0.031541239201175, -0.004698065306768,  0.019181437505403,
#           0.004225169803832, -0.015042872967323, -0.999877922505052, -0.075809028756255,
#          -0.031608061125308, -0.999389244590187,  0.014901955219218, -0.033959124414713]
#   data: [  -1.0,  0.0,   0.0,  -0.032359168297992,
#             0.0,  0.0,  -1.0,  -0.125349236998289,
#             0.0, -1.0,   0.0,  -0.055891698060938]

   data: [-1.857739385241e-03, -9.999659513510e-01, -8.039975204516e-03, -4.784029760483e-03,
          -6.481465826011e-03, 8.051860151134e-03, -9.999466081774e-01, -7.337429464231e-02,
          9.999773098287e-01, -1.805528627661e-03, -6.496203536139e-03, -3.339968064433e-01]
#   data: [ -0.812446063682143, -0.58248103938210,  0.025440751490296,  -0.006136797216667,
#           -0.018116669135183, -0.01839279663674, -0.999666690117925,  -0.095272024909287,
#            0.582754819719957, -0.81263616905776,  0.004390538951366,  -0.030414241170492]

#data: [   -0.999094808981260,  -0.012147243610414,   0.040767721782918,  -0.022359168297992,
#          -0.040566736577159,  -0.016356693961102,  -0.999042941242339,  -0.105349236998289,
#           0.012802443133230,  -0.999792429975009,   0.015849113996950,  -0.025891698060938]

#data: [  -0.999094808981260,  -0.012147243610414,   0.040767721782918,  -0.032359168297992,
#         -0.040566736577159,  -0.016356693961102,  -0.999042941242339,  -0.110349236998289,
#          0.012802443133230,  -0.999792429975009,   0.015849113996950,  -0.055891698060938]

# v1
#   data: [  -0.999901163185505,   0.005487707041886,   0.012944069363850,  -0.008563535760085,
#            -0.013091889305384,  -0.027815661679961,  -0.999527333993284,  -0.138599196463633,
#            -0.005125065335126,  -0.999598006218864,   0.027884756921701,  -0.005095016038218]

# Samsung
#extrinsicMatrix: !!opencv-matrix
#   rows: 3
#   cols: 4
#   dt: d
#   data: [-0.999491409874056,  0.031541239201175, -0.004698065306768,  0.019181437505403,
#           0.004225169803832, -0.015042872967323, -0.999877922505052, -0.075809028756255,
#          -0.031608061125308, -0.999389244590187,  0.014901955219218, -0.033959124414713]

#data: [ 0.0, -1.0,  0.0,  0.0,
#        0.0,  0.0, -1.0, -0.0825,
#        1.0,  0.0,  0.0, -0.09622]

# Vocabulary
#LoopClosure.f_vocabulary: "ORBvoc.yml.gz"
LoopClosure.f_vocabulary: "ORBvoc.bin"

# ORB Extractor
ORBextractor.nFeatures: 1000
ORBextractor.scaleFactor: 1.2
ORBextractor.nLevels: 8
ORBextractor.iniThFAST: 20
ORBextractor.minThFAST: 7

# Tracker Setting
Tracker.levels: 3
Tracker.min_level: 0
Tracker.max_level: 2
Tracker.max_iteration: 100
Tracker.scale_estimator: "TDistributionScale"
Tracker.weight_function: "TDistributionWeight"

#--------------------------------------------------------------------------------------------
# Viewer Parameters
#--------------------------------------------------------------------------------------------
#Viewer.KeyFrameSize: 0.6
#Viewer.KeyFrameLineWidth: 2
#Viewer.GraphLineWidth: 1
#Viewer.PointSize:2
#Viewer.CameraSize: 0.7
#Viewer.CameraLineWidth: 3
#Viewer.ViewpointX: 0
#Viewer.ViewpointY: -100
#Viewer.ViewpointZ: -0.1
#Viewer.ViewpointF: 2000

