%YAML:1.0

# Camera calibration and distortion parameters (OpenCV)
Camera.width: 1280
Camera.height: 720

Camera.fx: 718.856
Camera.fy: 718.856
Camera.cx: 607.1928
Camera.cy: 185.2157

Camera.k1: 0.159548
Camera.k2: -0.186942
Camera.p1: -0.029884
Camera.p2: -0.031040

Camera.d0: 0.0
Camera.d1: 0.0
Camera.d2: 0.0
Camera.d3: 0.0
Camera.d4: 0.0

# Color order of the images (0: BGR, 1: RGB. It is ignored if images are grayscale)
Camera.RGB: 0

# CamLidar Extrinsic Parameter

# final g_extrinsic_camera_lidar: -0.0212988  -0.999602  0.0185224  0.0139556
#   0.080681 -0.0201847  -0.996536 -0.0240772
#   0.996512 -0.0197306  0.0810788  0.0564233
#          0          0          0          1
extrinsicMatrix: !!opencv-matrix
   rows: 3
   cols: 4
   dt: d
   data: [0.0484819, -0.9986523,  0.0185230,  0.0139556,
          0.2535086, -0.0056346, -0.9673167,  0.0340772,
          0.9661174,  0.0515931,  0.2528938,  -0.0664233]
# [ x: 75.3486132, y: 1.0613522, z: 91.2206235 ]
# [ x: 1.4896143, y: 0.0185241, z: 1.5921002 ]
# [ x: 85.348613, y: 1.0613522, z: 91.2206235 ]
# [ -0.0212986, -0.9996015,  0.0185230;
#    0.2524980, -0.0233048, -0.9673167;
#    0.9673630, -0.0159255,  0.2528938 ]
# [ -0.0212192, -0.9958748,  0.0882224;
#    0.2510615, -0.0907224, -0.9637103;
#    0.9677385,  0.0017001,  0.2519509 ]

  #  0.0484819, -0.9986523,  0.0185230;
  #  0.2535086, -0.0056346, -0.9673167;
  #  0.9661174,  0.0515931,  0.2528938 
   
# Vocabulary
LoopClosure.f_vocabulary: "ORBvoc.bin"

# ORB Extractor
ORBextractor.nFeatures: 1000
ORBextractor.scaleFactor: 1.2
ORBextractor.nLevels: 8
ORBextractor.iniThFAST: 20
ORBextractor.minThFAST: 7

# Tracker Setting
# ScaleEstimator : None, TDistributionScale
# WeightFunction attribute : None, TDistributionWeight
# max leve : seq2 = 1, seq3 = 3->0, seq12 = 1, seq20 = 0, seq21 = 1
Tracker.levels: 1
Tracker.min_level: 0
Tracker.max_level: 0
Tracker.max_iteration: 100
Tracker.scale_estimator: "TDistributionScale"
Tracker.weight_function: "TDistributionWeight"

# featureTracker settings
FeatureTracking.flowBack: 1
FeatureTracking.showSkipNum: 2
FeatureTracking.showDSRate: 2
FeatureTracking.imageWidth: 1241
FeatureTracking.imageHeight: 376
FeatureTracking.maxFeatureNumPerSubregion : 5
FeatureTracking.xSubregionNum: 28
FeatureTracking.ySubregionNum: 8
FeatureTracking.xBoundary: 20
FeatureTracking.yBoundary: 15
FeatureTracking.maxTrackDis: 255


# IMU parameter
# IMU PARAMETERS #############################################################
backEndParams.gyroNoiseDensity: 0.00016968
backEndParams.accNoiseDensity: 0.002
backEndParams.gyroBiasSigma: 1.9393e-05
backEndParams.accBiasSigma: 0.003
backEndParams.imuIntegrationSigma: 1.0e-8
backEndParams.n_gravity: [0.0, 0.0, -9.81]
backEndParams.nominalImuRate: 0.01
#INITIALIZATION PARAMETERS
backEndParams.autoInitialize: 1
backEndParams.roundOnAutoInitialize: 0
backEndParams.initialPositionSigma: 1e-05
backEndParams.initialRollPitchSigma: 0.174533 # 10.0/180.0*M_PI
backEndParams.initialYawSigma: 0.00174533 # 0.1/180.0*M_PI
backEndParams.initialVelocitySigma: 0.001
backEndParams.initialAccBiasSigma: 0.1
backEndParams.initialGyroBiasSigma: 0.01


# OPTIMIZATION PARAMETERS #####################################################
backEndParams.relinearizeThreshold: 0.01
backEndParams.relinearizeSkip: 1
backEndParams.zeroVelocitySigma: 0.001
backEndParams.noMotionPositionSigma: 0.001
backEndParams.noMotionRotationSigma: 0.0001
backEndParams.constantVelSigma: 0.01
backEndParams.numOptimize: 1
backEndParams.horizon: 6 # In seconds.
# ISAM2GaussNewtonParams: continue updating the linear delta only when
# changes are above this threshold (default: 0.001)
backEndParams.wildfire_threshold: 0.001
backEndParams.useDogLeg: 0

# IMU PARAMETERS #####################################################
imuParams.gyro_noise: 1.6968e-04     # [ rad / s / sqrt(Hz) ]   ( gyro "white noise" )
imuParams.gyro_walk: 1.9393e-05       # [ rad / s^2 / sqrt(Hz) ] ( gyro bias diffusion )
imuParams.accel_noise: 2.0000e-3  # [ m / s^2 / sqrt(Hz) ]   ( accel "white noise" )
imuParams.accel_walk: 3.0000e-3    # [ m / s^3 / sqrt(Hz) ].  ( accel bias diffusion )

imuParams.imu_integration_sigma: 1.0e-8
imuParams.imu_time_shift: 0.0


#--------------------------------------------------------------------------------------------
# Viewer Parameters
#--------------------------------------------------------------------------------------------
#Viewer.KeyFrameSize: 0.6
#Viewer.KeyFrameLineWidth: 2
#Viewer.GraphLineWidth: 1
#Viewer.PointSize:2
#Viewer.CameraSize: 0.7
#Viewer.CameraLineWidth: 3
#Viewer.ViewpointX: 0
#Viewer.ViewpointY: -100
#Viewer.ViewpointZ: -0.1
#Viewer.ViewpointF: 2000

